%YAML:1.0
image_width: 640
image_height: 480
camera_name: narrow_stereo
camera_matrix: !!opencv-matrix
  rows: 3
  cols: 3
  dt: d
  data: [ 555.86829,    0.     ,  338.99365,
            0.     ,  561.62143,  146.56133,
            0.     ,    0.     ,    1.     ]
camera_model: plumb_bob
distortion_coefficients: !!opencv-matrix
  rows: 1
  cols: 5
  dt: d
  data: [-0.167970, 0.086407, -0.013968, 0.002558, 0.000000]
rectification_matrix:
  rows: 3
  cols: 3
  data: [ 1.,  0.,  0.,
          0.,  1.,  0.,
          0.,  0.,  1.]
projection_matrix:
  rows: 3
  cols: 4
  data: [ 528.60571,    0.     ,  342.29664,    0.     ,
            0.     ,  528.46704,  137.96521,    0.     ,
            0.     ,    0.     ,    1.     ,    0.     ]
